
     This is a lab on completely filled arrays        
                 by Ricardo Tejada                  


Here are the first 139 elements of the arrayOfFive two per line:
5	5
5	5
5	5
5	5
5	5
5	5
5	5
5	5
5	5
5	5
5	5
5	5
5	5
5	5
5	5
5	5
5	5
5	5
5	5
5	5
5	5
5	5
5	5
5	5
5	5
5	5
5	5
5	5
5	5
5	5
5	5
5	5
5	5
5	5
5	5
5	5
5	5
5	5
5	5
5	5
5	5
5	5
5	5
5	5
5	5
5	5
5	5
5	5
5	5
5	5
5	5
5	5
5	5
5	5
5	5
5	5
5	5
5	5
5	5
5	5
5	5
5	5
5	5
5	5
5	5
5	5
5	5
5	5
5	5
5

	**************************************************

Here are the first 90 even numbers two per line:
2	4
6	8
10	12
14	16
18	20
22	24
26	28
30	32
34	36
38	40
42	44
46	48
50	52
54	56
58	60
62	64
66	68
70	72
74	76
78	80
82	84
86	88
90	92
94	96
98	100
102	104
106	108
110	112
114	116
118	120
122	124
126	128
130	132
134	136
138	140
142	144
146	148
150	152
154	156
158	160
162	164
166	168
170	172
174	176
178	180

	**************************************************

Here are the first 100 odd number three per lines:
1	3	5
7	9	11
13	15	17
19	21	23
25	27	29
31	33	35
37	39	41
43	45	47
49	51	53
55	57	59
61	63	65
67	69	71
73	75	77
79	81	83
85	87	89
91	93	95
97	99	101
103	105	107
109	111	113
115	117	119
121	123	125
127	129	131
133	135	137
139	141	143
145	147	149
151	153	155
157	159	161
163	165	167
169	171	173
175	177	179
181	183	185
187	189	191
193	195	197
199

	**************************************************

Here are the first 42 perfect squares number three per lines:
1	4	9
16	25	36
49	64	81
100	121	144
169	196	225
256	289	324
361	400	441
484	529	576
625	676	729
784	841	900
961	1024	1089
1156	1225	1296
1369	1444	1521
1600	1681	1764

	**************************************************

Here are the first 120 prime numbers one per line:
2
3
5
7
11
13
17
19
23
29
31
37
41
43
47
53
59
61
67
71
73
79
83
89
97
101
103
107
109
113
127
131
137
139
149
151
157
163
167
173
179
181
191
193
197
199
211
223
227
229
233
239
241
251
257
263
269
271
277
281
283
293
307
311
313
317
331
337
347
349
353
359
367
373
379
383
389
397
401
409
419
421
431
433
439
443
449
457
461
463
467
479
487
491
499
503
509
521
523
541
547
557
563
569
571
577
587
593
599
601
607
613
617
619
631
641
643
647
653
659